12
 ************************ 0 ************************
-0.135695 -0.00723087
-0.771162 -0.628648 0.100552 
-0.308162 0.230386 -0.923016 
0.557086 -0.742781 -0.371391 
 ************************ 1 ************************
-0.145856 -0.00887435
-0.90654 -0.368431 0.206021 
-0.26947 0.129427 -0.954272 
0.324918 -0.920602 -0.216612 
 ************************ 2 ************************
-0.158342 -0.00286471
-0.305823 -0.917189 -0.255415 
-0.0565182 0.285284 -0.956775 
0.950409 -0.278169 -0.139084 
 ************************ 3 ************************
-0.135695 -0.00723088
0.771162 0.628648 -0.100552 
0.308162 -0.230386 0.923016 
0.557086 -0.742781 -0.371391 
 ************************ 4 ************************
-0.145856 -0.00887436
0.90654 0.368431 -0.206021 
0.26947 -0.129427 0.954272 
0.324918 -0.920602 -0.216612 
 ************************ 5 ************************
-0.158342 -0.00286471
0.305823 0.917189 0.255415 
0.0565182 -0.285284 0.956775 
0.950409 -0.278169 -0.139084 
 ************************ 6 ************************
-0.135695 -0.00723087
0.628648 -0.771162 0.100552 
-0.230386 -0.308162 -0.923016 
0.742781 0.557086 -0.371391 
 ************************ 7 ************************
-0.145856 -0.00887434
0.368431 -0.90654 0.206021 
-0.129427 -0.26947 -0.954272 
0.920602 0.324918 -0.216612 
 ************************ 8 ************************
-0.158342 -0.00286471
0.917189 -0.305823 -0.255415 
-0.285284 -0.0565182 -0.956775 
0.278169 0.950409 -0.139084 
 ************************ 9 ************************
-0.135695 -0.00723087
-0.628648 0.771162 -0.100552 
0.230386 0.308162 0.923016 
0.742781 0.557086 -0.371391 
 ************************ 10 ************************
-0.145856 -0.00887435
-0.368431 0.90654 -0.206021 
0.129427 0.26947 0.954272 
0.920602 0.324918 -0.216612 
 ************************ 11 ************************
-0.158342 -0.00286471
-0.917189 0.305823 0.255415 
0.285284 0.0565182 0.956775 
0.278169 0.950409 -0.139084 
0 ************************ 1
s= 1
0.00000 -1.00000 -0.00000 
1.00000 -0.00000 0.00000 
0.00000 0.00000 1.00000 
 r[0]= 8.53774e-07 r[1]= -0 r[2]= 90
0 0 1 
0 0 1 
 t[0]= 1.49012e-08 t[1]= 0 t[2]= -1.19209e-07
4 ************************ 5
s= 1
0.00000 -1.00000 -0.00000 
1.00000 -0.00000 -0.00000 
0.00000 0.00000 1.00000 
 r[0]= 3.41509e-06 r[1]= -1.70755e-06 r[2]= 90
3 0 1 
0 3 1 
 t[0]= -1.49012e-07 t[1]= -6.55651e-07 t[2]= -3.27826e-07
0 ************************ 1
s= 1
-0.00000 -1.00000 -0.00000 
1.00000 0.00000 0.00000 
0.00000 0.00000 1.00000 
 r[0]= 0 r[1]= -1.06722e-06 r[2]= 90
0 -4 1 
4 0 1 
 t[0]= -1.59442e-06 t[1]= 2.04891e-07 t[2]= -2.98023e-07
4 ************************ 5
s= 1
0.00000 -1.00000 -0.00000 
1.00000 -0.00000 0.00000 
0.00000 0.00000 1.00000 
 r[0]= 8.53774e-07 r[1]= -0 r[2]= 90
0 0 -1 
0 0 -1 
 t[0]= -3.72529e-08 t[1]= 0 t[2]= 4.76837e-07
0 ************************ 1
s= 1
0.00000 -1.00000 0.00000 
1.00000 -0.00000 -0.00000 
0.00000 0.00000 1.00000 
 r[0]= 1.70755e-06 r[1]= -1.70755e-06 r[2]= 90
3 0 -1 
0 3 -1 
 t[0]= 7.45059e-09 t[1]= -1.81794e-06 t[2]= 5.06639e-07
4 ************************ 5
s= 1
0.00000 -1.00000 -0.00000 
1.00000 -0.00000 0.00000 
-0.00000 -0.00000 1.00000 
 r[0]= -3.41509e-06 r[1]= 2.13443e-06 r[2]= 90
0 -4 -1 
4 0 -1 
 t[0]= -4.55976e-06 t[1]= -2.27243e-07 t[2]= 8.34465e-07
Valid 0 
                        22.4 msec.                        10.7 msec.                        0.4 msec.                        0.8 msec.                        0.2 msec.                        6.6 msec.                        6.6 msec.                        6.6 msec.                        6.6 msec.                        7.8 msec.                        5.4 msec.                        6.6 msec.                        7.9 msec.                        6.6 msec.                        5.4 msec.                        7.8 msec.                        6.6 msec.                        6.7 msec.                        6.6 msec.                        6.6 msec.                        6.6 msec.                        5.4 msec.                        7.8 msec.                        6.6 msec.                        0.2 msec.                        0.2 msec.                        1.4 msec.                        7.8 msec.                        5.5 msec.                        6.6 msec.                        16.7 msec.                        16.7 msec.                        16.7 msec.                        16.7 msec.                        16.7 msec.                        16.7 msec.                        16.8 msec.                        16.7 msec.                        17.9 msec.                        15.5 msec.                        16.7 msec.                        16.7 msec.                        16.7 msec.                        16.7 msec.                        16.7 msec.                        16.7 msec.                        16.7 msec.                        16.7 msec.                        16.7 msec.                        17.3 msec.                        0.1 msec.                        0.2 msec.                        0.2 msec.                        2.7 msec.                        3.7 msec.                        7.9 msec.                        5.4 msec.                        6.6 msec.                        6.7 msec.                        7.8 msec.                        5.4 msec.                        7.8 msec.                        5.4 msec.                        6.6 msec.                        6.6 msec.                        6.6 msec.                        6.6 msec.                        6.6 msec.                        6.6 msec.                        6.7 msec.                        8.0 msec.                        5.2 msec.                        6.6 msec.                        8.0 msec.                        5.2 msec.                        6.6 msec.                        0.2 msec.                        0.2 msec.                        2.1 msec.                        3.7 msec.                        6.6 msec.                        11.7 msec.                        2.8 msec.                        5.4 msec.                        7.9 msec.                        5.4 msec.                        8.0 msec.                        6.5 msec.                        6.6 msec.                        6.6 msec.                        5.4 msec.                        7.8 msec.                        5.4 msec.                        7.8 msec.                        6.6 msec.                        5.4 msec.                        6.6 msec.                        6.6 msec.                        7.8 msec.                        6.6 msec.                        5.4 msec.                        6.6 msec.                        7.9 msec.                        5.4 msec.                        6.6 msec.                        6.6 msec.                        7.8 msec.                        5.4 msec.                        16.7 msec.                        16.7 msec.                        16.7 msec.                        16.7 msec.                        16.7 msec.                        16.7 msec.                        16.7 msec.                        16.7 msec.                        16.7 msec.                        16.7 msec.                        16.7 msec.                        16.7 msec.                        16.7 msec.                        16.7 msec.                        16.7 msec.                        17.9 msec.                        15.5 msec.                        16.7 msec.                        16.7 msec.                        16.7 msec.                        16.7 msec.                        16.7 msec.                        16.7 msec.                        16.7 msec.                        16.7 msec.                        15.5 msec.                        16.8 msec.                        16.6 msec.                        16.7 msec.                        16.7 msec.                        16.7 msec.                        16.7 msec.                        16.7 msec.                        16.7 msec.                        16.7 msec.                        16.7 msec.                        16.7 msec.                        16.8 msec.                        16.6 msec.                        16.7 msec.                        16.7 msec.                        16.7 msec.                        16.7 msec.                        16.7 msec.                        16.7 msec.                        16.7 msec.                        16.7 msec.                        16.7 msec.                        16.8 msec.                        18.0 msec.                        16.5 msec.                        16.7 msec.                        16.7 msec.                        16.7 msec.                        16.7 msec.                        16.7 msec.                        16.7 msec.                        16.7 msec.                        17.9 msec.                        14.3 msec.                        18.9 msec.                        16.9 msec.                        14.4 msec.                        23.7 msec.                        10.7 msec.                        18.4 msec.                        14.9 msec.                        16.7 msec.                        16.7 msec.                        16.7 msec.                        16.7 msec.                        16.7 msec.                        16.7 msec.                        16.7 msec.                        16.7 msec.                        16.7 msec.                        16.7 msec.                        16.7 msec.                        15.5 msec.                        18.4 msec.                        17.3 msec.                        15.5 msec.                        16.7 msec.                        16.7 msec.                        16.7 msec.                        15.5 msec.                        16.7 msec.                        16.7 msec.                        16.7 msec.                        16.7 msec.                        16.7 msec.                        16.7 msec.                        16.7 msec.                        16.7 msec.                        16.7 msec.                        16.7 msec.                        16.7 msec.                        16.7 msec.                        16.7 msec.                        16.7 msec.                        16.7 msec.                        16.7 msec.                        16.7 msec.                        16.7 msec.                        16.7 msec.                        16.7 msec.                        16.7 msec.                        16.7 msec.                        16.7 msec.                        16.7 msec.                        16.7 msec.                        16.7 msec.                        16.7 msec.                        16.7 msec.                        16.7 msec.                        16.7 msec.                        16.7 msec.                        16.7 msec.                        16.7 msec.                        16.7 msec.                        16.7 msec.                        16.7 msec.                        16.7 msec.                        16.7 msec.                        16.7 msec.                        16.7 msec.                        16.7 msec.                        17.2 msec.                        19.3 msec.                        14.8 msec.                        15.5 msec.                        18.4 msec.                        17.3 msec.                        15.5 msec.                        16.7 msec.