12
 ************************ 0 ************************
-0.135695 -0.00723087
0.628648 -0.771162 0.100552 
-0.230386 -0.308162 -0.923016 
0.742781 0.557086 -0.371391 
 ************************ 1 ************************
-0.145856 -0.00887434
0.368431 -0.90654 0.206021 
-0.129427 -0.26947 -0.954272 
0.920602 0.324918 -0.216612 
 ************************ 2 ************************
-0.158342 -0.00286471
0.917189 -0.305823 -0.255415 
-0.285284 -0.0565182 -0.956775 
0.278169 0.950409 -0.139084 
 ************************ 3 ************************
-0.135695 -0.00723087
-0.628648 0.771162 -0.100552 
0.230386 0.308162 0.923016 
0.742781 0.557086 -0.371391 
 ************************ 4 ************************
-0.145856 -0.00887435
-0.368431 0.90654 -0.206021 
0.129427 0.26947 0.954272 
0.920602 0.324918 -0.216612 
 ************************ 5 ************************
-0.158342 -0.00286471
-0.917189 0.305823 0.255415 
0.285284 0.0565182 0.956775 
0.278169 0.950409 -0.139084 
 ************************ 6 ************************
-0.135695 -0.00723087
0.628648 -0.771162 0.100552 
-0.230386 -0.308162 -0.923016 
0.742781 0.557086 -0.371391 
 ************************ 7 ************************
-0.145856 -0.00887434
0.368431 -0.90654 0.206021 
-0.129427 -0.26947 -0.954272 
0.920602 0.324918 -0.216612 
 ************************ 8 ************************
-0.158342 -0.00286471
0.917189 -0.305823 -0.255415 
-0.285284 -0.0565182 -0.956775 
0.278169 0.950409 -0.139084 
 ************************ 9 ************************
-0.135695 -0.00723087
-0.628648 0.771162 -0.100552 
0.230386 0.308162 0.923016 
0.742781 0.557086 -0.371391 
 ************************ 10 ************************
-0.145856 -0.00887435
-0.368431 0.90654 -0.206021 
0.129427 0.26947 0.954272 
0.920602 0.324918 -0.216612 
 ************************ 11 ************************
-0.158342 -0.00286471
-0.917189 0.305823 0.255415 
0.285284 0.0565182 0.956775 
0.278169 0.950409 -0.139084 
0 ************************ 1
s= 1
1.00000 0.00000 -0.00000 
0.00000 1.00000 0.00000 
-0.00000 0.00000 1.00000 
 r[0]= 0 r[1]= 1.70755e-06 r[2]= 8.53774e-07
0 0 1 
5 0 1 
 t[0]= 5 t[1]= 0 t[2]= 0
4 ************************ 5
s= 1
1.00000 0.00000 -0.00000 
0.00000 1.00000 0.00000 
-0.00000 0.00000 1.00000 
 r[0]= 8.53774e-07 r[1]= 1.70755e-06 r[2]= 0
0 3 1 
5 3 1 
 t[0]= 5 t[1]= 3.42727e-07 t[2]= -4.47035e-08
0 ************************ 1
s= 1
1.00000 0.00000 -0.00000 
0.00000 1.00000 -0.00000 
-0.00000 -0.00000 1.00000 
 r[0]= -4.26887e-07 r[1]= 1.70755e-06 r[2]= 0
4 0 1 
9 0 1 
 t[0]= 5 t[1]= 7.45058e-09 t[2]= 2.38419e-07
4 ************************ 5
s= 1
1.00000 0.00000 0.00000 
0.00000 1.00000 0.00000 
0.00000 0.00000 1.00000 
 r[0]= 8.53774e-07 r[1]= -0 r[2]= 0
0 0 -1 
5 0 -1 
 t[0]= 5 t[1]= 1.49012e-08 t[2]= 1.19209e-07
0 ************************ 1
s= 1
1.00000 0.00000 0.00000 
0.00000 1.00000 -0.00000 
0.00000 -0.00000 1.00000 
 r[0]= -8.53774e-07 r[1]= -1.70755e-06 r[2]= 4.26887e-07
0 3 -1 
5 3 -1 
 t[0]= 5 t[1]= -7.30157e-07 t[2]= 1.63913e-07
4 ************************ 5
s= 1
1.00000 0.00000 0.00000 
0.00000 1.00000 0.00000 
0.00000 0.00000 1.00000 
 r[0]= 1.28066e-06 r[1]= -0 r[2]= 0
4 0 -1 
9 0 -1 
 t[0]= 5 t[1]= 2.23517e-08 t[2]= 0
Valid 0 
                        24.4 msec.