12
 ************************ 0 ************************
0.135695 0.00723083
-0.989815 -0.100773 0.100552 
-0.0549959 -0.380811 -0.923016 
0.131306 -0.919145 0.371391 
 ************************ 1 ************************
0.145856 0.00887432
-0.90154 -0.3805 0.206021 
-0.0990251 -0.282063 -0.954272 
0.421212 -0.880716 0.216612 
 ************************ 2 ************************
0.158342 0.00286468
-0.8648 0.432301 -0.255415 
0.161762 -0.241691 -0.956775 
-0.475346 -0.868736 0.139084 
 ************************ 3 ************************
0.135695 0.00723088
0.989815 0.100773 -0.100552 
0.0549959 0.380811 0.923016 
0.131306 -0.919145 0.371391 
 ************************ 4 ************************
0.145856 0.00887435
0.90154 0.3805 -0.206021 
0.0990251 0.282063 0.954272 
0.421212 -0.880716 0.216612 
 ************************ 5 ************************
0.158342 0.0028647
0.8648 -0.432301 0.255415 
-0.161762 0.24169 0.956775 
-0.475346 -0.868736 0.139084 
 ************************ 6 ************************
0.135695 0.00723087
-0.771162 0.628648 0.100552 
-0.308162 -0.230386 -0.923016 
-0.557086 -0.742781 0.371391 
 ************************ 7 ************************
0.145856 0.00887435
-0.90654 0.368431 0.206021 
-0.26947 -0.129427 -0.954272 
-0.324918 -0.920602 0.216612 
 ************************ 8 ************************
0.158342 0.00286471
-0.305823 0.917189 -0.255415 
-0.0565182 -0.285284 -0.956775 
-0.950409 -0.278169 0.139084 
 ************************ 9 ************************
0.135695 0.00723088
0.771162 -0.628648 -0.100552 
0.308162 0.230386 0.923016 
-0.557086 -0.742781 0.371391 
 ************************ 10 ************************
0.145856 0.00887436
0.90654 -0.368431 -0.206021 
0.26947 0.129427 0.954272 
-0.324918 -0.920602 0.216612 
 ************************ 11 ************************
0.158342 0.00286471
0.305823 -0.917189 0.255415 
0.0565182 0.285284 0.956775 
-0.950409 -0.278169 0.139084 
0 ************************ 1
s= 0.999997
0.70711 0.70711 -0.00000 
-0.70711 0.70711 -0.00000 
0.00000 0.00000 1.00000 
 r[0]= 3.41509e-06 r[1]= -2.34788e-06 r[2]= -45
0 0 1 
0 0 1 
 t[0]= 8.94067e-08 t[1]= 5.96045e-08 t[2]= 3.15905e-06
4 ************************ 5
s= 0.999998
0.70711 0.70711 -0.00000 
-0.70711 0.70711 -0.00000 
0.00000 -0.00000 1.00000 
 r[0]= -1.70755e-06 r[1]= -1.70755e-06 r[2]= -45
2.12132 2.12132 1 
3 0 1 
 t[0]= 6.43904e-06 t[1]= -3.12266e-07 t[2]= 1.96695e-06
0 ************************ 1
s= 0.999995
0.70711 0.70711 0.00000 
-0.70711 0.70711 -0.00000 
-0.00000 0.00000 1.00000 
 r[0]= 5.12264e-06 r[1]= 9.39151e-06 r[2]= -45
-2.82843 2.82843 1 
0 4 1 
 t[0]= 8.66306e-08 t[1]= 1.91908e-05 t[2]= 4.05188e-06
4 ************************ 5
s= 1
0.70711 0.70711 -0.00000 
-0.70711 0.70711 0.00000 
0.00000 0.00000 1.00000 
 r[0]= 0 r[1]= -9.8184e-06 r[2]= -45
0 0 -1 
0 0 -1 
 t[0]= -1.11759e-07 t[1]= 5.96046e-08 t[2]= -1.19209e-07
0 ************************ 1
s= 0.999999
0.70711 0.70711 -0.00000 
-0.70711 0.70711 -0.00000 
0.00000 0.00000 1.00000 
 r[0]= 3.41509e-06 r[1]= -4.26887e-06 r[2]= -45
2.12132 2.12132 -1 
3 0 -1 
 t[0]= 2.88577e-06 t[1]= -4.24025e-07 t[2]= -1.11896e-06
4 ************************ 5
s= 0.999997
0.70711 0.70711 -0.00000 
-0.70711 0.70711 -0.00000 
0.00000 0.00000 1.00000 
 r[0]= 1.70755e-06 r[1]= -0 r[2]= -45
-2.82843 2.82843 -1 
0 4 -1 
 t[0]= -2.1329e-07 t[1]= 1.2057e-05 t[2]= -3.12413e-06
Valid 0 
                        12.2 msec.                        10.1 msec.